1 1 1 36643 1170 13 Arttu Pietsukka
2 1 1 22464 90 1 1
3 1 1 13107 100 1 1
4 1 1 36511 90 1 1 1 1
5 1 1 36645 90 1 1
6 1 0 0 0 0 
7 1 0 0 0 0 
8 1 0 0 0 0 
9 1 0 0 0 0 
10 1 0 0 0 0 
11 1 0 0 0 0 
12 1 0 0 0 0 
13 1 0 0 0 0 
14 1 0 0 0 0 
15 1 0 0 0 0 
16 1 0 0 0 0 
17 1 0 0 0 0 
18 1 0 0 0 0 
19 1 0 0 0 0 
20 1 0 0 0 0 
21 1 0 0 0 0 
22 1 0 0 0 0 
23 1 0 0 0 0 
24 1 0 0 0 0 
25 1 0 0 0 0 
26 1 0 0 0 0 
27 1 0 0 0 0 
28 1 0 0 0 0 
29 1 0 0 0 0 
30 1 0 0 0 0 
31 1 0 0 0 0 
32 1 0 0 0 0 
33 1 0 0 0 0 
34 1 0 0 0 0 
35 1 0 0 0 0 
36 1 0 0 0 0 
37 1 0 0 0 0 
38 1 0 0 0 0 
39 1 0 0 0 0 
40 1 0 0 0 0 
41 1 0 0 0 0 
42 1 0 0 0 0 
43 1 0 0 0 0 
44 1 0 0 0 0 
45 1 0 0 0 0 
46 1 0 0 0 0 
47 1 0 0 0 0 
48 1 0 0 0 0 
49 1 0 0 0 0 
50 1 0 0 0 0 
51 1 0 0 0 0 
52 1 0 0 0 0 
53 1 0 0 0 0 
54 1 0 0 0 0 
55 1 0 0 0 0 
56 1 0 0 0 0 
57 1 0 0 0 0 
58 1 0 0 0 0 
59 1 0 0 0 0 
60 1 0 0 0 0 
61 1 0 0 0 0 
62 1 0 0 0 0 
63 1 0 0 0 0 
64 1 0 0 0 0 
65 1 0 0 0 0 
66 1 0 0 0 0 
67 1 0 0 0 0 
68 1 0 0 0 0 
69 1 0 0 0 0 
70 2 1 40981 450 3 Miska Kuusikko
71 2 1 41300 1440 12 Ron Mellin
72 2 1 30499 2100 14 Miska Kuuusikko
73 2 1 36280 1680 14 Pen Jellin
74 2 1 20443 1680 14 Aarlo
75 2 1 35414 840 7 8
76 2 1 36234 480 4 Toni KAKKA
77 2 1 25148 600 5 kakka
78 2 1 36776 2520 21 Ron Mellin
79 2 1 37217 1680 14 Ron Mellin
80 2 0 0 0 0 
81 2 0 0 0 0 
82 2 0 0 0 0 
83 2 0 0 0 0 
84 2 0 0 0 0 
85 2 0 0 0 0 
86 2 0 0 0 0 
87 2 0 0 0 0 
88 2 0 0 0 0 
89 2 0 0 0 0 
90 2 0 0 0 0 
91 2 0 0 0 0 
92 2 0 0 0 0 
93 2 0 0 0 0 
94 2 0 0 0 0 
95 2 0 0 0 0 
96 2 0 0 0 0 
97 2 0 0 0 0 
98 2 0 0 0 0 
99 2 0 0 0 0 
100 2 0 0 0 0 
101 2 0 0 0 0 
102 2 0 0 0 0 
103 2 0 0 0 0 
104 2 0 0 0 0 
105 2 0 0 0 0 
106 2 0 0 0 0 
107 2 0 0 0 0 
108 2 0 0 0 0 
109 2 0 0 0 0 
110 2 0 0 0 0 
111 2 0 0 0 0 
112 2 0 0 0 0 
113 2 0 0 0 0 
114 2 0 0 0 0 
115 2 0 0 0 0 
116 2 0 0 0 0 
117 2 0 0 0 0 
118 2 0 0 0 0 
119 2 0 0 0 0 
120 2 0 0 0 0 
121 2 0 0 0 0 
122 2 0 0 0 0 
123 2 0 0 0 0 
124 2 0 0 0 0 
125 2 0 0 0 0 
126 2 0 0 0 0 
127 2 0 0 0 0 
128 2 0 0 0 0 
129 2 0 0 0 0 
130 2 0 0 0 0 
131 2 0 0 0 0 
132 2 0 0 0 0 
133 2 0 0 0 0 
134 2 0 0 0 0 
135 2 0 0 0 0 
136 2 0 0 0 0 
137 2 0 0 0 0 
138 2 0 0 0 0 
